0.1e2
-0.125924402249428506823164089009861517152229443289512262787283e2
-0.132761878016165724713930610290852928951470714876957764232095e2
0.316880513111504007128461938043023080639959285704070443403237e2
0.188030317967288190312422905148734090559760066170389100953853e2
0.138070503199942450897594483721837656505828947038532447707915e2
0.48923371818331151716167005409579144829470726946668342977805e2
0.2e2
-0.208386400810263179008217191915657204639300671762987130461892e1
-0.161341161345675998165794966136660819775655937184861159527042e1
0.207722431155862490599306289008545535935333352767571713525017e2
-0.463233025903055453183441823493585343923432445787751758259228e1
-0.440326264149996435137396962621191664080645052397905400209407e1
0.344839071821962686859453409100861468540259890528152077246648e2
0.3e2
0.437357689604476523020173423050868246618016528433569243489868e1
0.392069707635088993029491204227134117164948443872581153778281e1
0.228455723044301993157875292491995061222062758647904489899049e2
-0.120301715618447460177374788365340236812557419630519272363664e2
-0.827153300675819032699023578637479595009341729498330930519241e1
0.526460061862240187726998245313409022711880878201946428831265e2
0.4e2
0.351352921281268961181543296752514481271314402658192223503983e1
0.610166233159168548381494482244143843803881940781390338185838e1
0.120641945991803247309670881562674694572259183628998344819428e2
0.887878295175679677096585717832120689238602065815979753352159e1
0.165184744823807542194210251721906982631295216499662219962845e2
0.33814240448909569312786588092690156112981354344505650704944e2
0.5e2
-0.851132467107012960314999774500378413766003412226606326434568e1
-0.155992638517004410041023344602796139432643571149812981325643e2
0.129786719020257244848062902369061159823636788728960347628906e2
-0.267242613266957845335819369213140811639969884865315440282951e1
0.71051794554593151914083826681435610391120946665685661678633e1
0.345190826314829599911780815627371889475922671169020139363791e2
0.6e2
-0.224336282599053698443277572353944637332711118020045318735579e1
-0.302692187324114221690459582489944127616627883728323648175284e1
0.171553516815294418058492520228549428080275395986261027592447e2
0.522030714508666073171137843192160559719581935974995710830244e1
0.774319560536491618214904729557615205623711882986399334363045e1
0.287910536399019597607581369139671671956851951097434403124312e2
0.7e2
0.406995843213388197464635571334453680019976744253051291255107e1
0.49207911302402535987163813501694711660280043156880226968908e1
0.197457501987117547109157058037745547371756604122973088960206e2
-0.175294811373014303394844909063306086007153675648459848734696e2
-0.136775889950840950226335976676224619677106470817668724467292e2
0.619333215539129389551689145185921676475785804296700553370121e2
0.8e2
-0.278569498285848131629792759227800359634763478396330882338766e1
0.569472452035115092192485292351152002546354026615296220650012e0
0.262862148631776816833674635649445536515092040933413198570749e2
0.323841303640942791054264578003383111800645425402631716146001e-1
-0.184051410293082535675167432738041902569855311875512310590936e0
0.245162012402651752253033680026734307232032948236875389586219e2
0.9e2
0.468443362732655773166632569362291396020873420249403394305974e1
0.283335511530525650336411353879336404306040620071388914946218e1
0.253585720303381975716011902254828957981528475768677377918563e2
-0.150338334650134135703623035314380129663211777004526139724765e2
-0.140483873554164721350372179514877929324622915987053453904734e2
0.538052434152705624942233659274192647205847964674736811031866e2
0.1e3
0.242038420748915160121837187483932138714967978298930520284211e1
0.3959261653203616851166506196372785823027271776771753561378e1
0.189097924726531000953695950644343909635242657733797288644626e2
-0.13786729624501437417422910288839990503890067569560083116217e2
-0.237296152005904570702546387620894537013838161852443719830291e2
0.394329242977377876829179963446695226381007255869660317383349e2
0.11e3
0.113220246510610696823034321812845129670352785617634291926935e1
0.937484129430555219786700306678888416699875331844375324038131e0
0.181942621728972316469104058192940417754534999317563067661745e2
-0.987244666228130530289748469561144840456237306483865353429595e1
-0.181438879238173758991514480813137930481903646462230753874441e2
0.297563213806820701042597512001758751745313365306146467581936e2
0.12e3
-0.211525011808981367484841228657471119962865874591664178689093e1
-0.124737929111363553036553712597776264569182360339835128372865e1
0.217528665213187243648088339987411231171337234972706046287607e2
-0.929980644896970610798520080586868146266879425497833813654091e1
0.883670267863692814203840456723607408211058645288206066761126e1
0.547718229287197170416625487434237366777223936501307453831897e2
0.13e3
-0.276147912880067598789330118790699229228509736402022559696255e1
-0.455594293530686946143736519713024915494453773254776257401095e1
0.162362025523604786350218063144509364996459091858494560035195e2
-0.411875973098388102488422725146229585255995365165858901779795e1
-0.660194210279121311489307965550923776907635717614268128911143e1
0.250464020589541205587583110612759757289374042531629386799538e2
0.14e3
0.756299437331296457317129633726308963970835520292223434733469e1
0.116036104753903236267431131215554503598353285864205277890698e2
0.183681938365665226020452722903087276025024944940698560841376e2
0.17531967646879628289463577898693757743195776320992635829181e2
0.151972169889730948136495959035422485053255916327395728074837e2
0.663822888625336180157152395934916648408074664580125946751259e2
0.15e3
0.128419633776619649240391686279858705304552847759352547927113e2
0.486803591595054068133064069931873124686303882853776270581338e1
0.395571354400554472950881380824214325419430507351627228153808e2
-0.663693631487361898872969554707520736956787888523815944536826e1
-0.740314053267753486896689858195359850706686093393309302733673e1
0.417491761788007278841644327774101575007847065144100352360191e2
0.16e3
-0.155165750730865858773551670938291896542501978949150074971535e1
-0.274056021334652369695926585025851563456349216951321592829344e1
0.164921536750317901337133880502175671342789721619402617791659e2
-0.11810425382375462764179391598048851225707425623400350851578e2
-0.219807713985556844915319282697268449096830068831077796845584e2
0.278022410309346720911714436692141124082259383091946094151228e2
0.17e3
-0.15371082149529638450467686009314922894712734577463820924626e2
-0.163601525629220422647959854329563398175790370098359180644481e2
0.354666996644253376984374210293594321231800893965631901098963e2
0.27152325922558455618458544606432051318574730435816966996669e1
0.144824829832896076528006046771709322619224441211853522531178e1
0.224571108593817774473115292936724017468643555255450073892743e2
0.18e3
-0.178368266563892728327660944831860366825472141836373960319595e0
-0.232146272350168052233263312340081829107132985592203538764406e1
0.225329323742624872580791301873736265738442403063834631311071e2
-0.647796895654744011324902242286857449904040993845726102201592e1
0.352508247958932533046428803591817147526126889473601773095787e0
0.436682898024104020142694342672076017936893496036811160385418e2
0.19e3
0.892140593932016623597722178087622947759738351965777651463111e0
0.282649556672942984059092358978028185217850272480000070129296e1
0.220533513771434389842104202376464264892742488325397921005402e2
-0.152832064276037216762823137656330462171061917063333222575558e1
-0.348494299926298625746629945887315893799619647581039494039049e1
0.152786010527107584286411414281225093769857515553900023184771e2
0.2e3
0.522793692849152392585475510138100338197416560340357044482693e1
0.877515555116588319694415322585667715804414447845948548617769e1
0.140983309258717403964520122356015894968762157309551766915393e2
-0.486993842336913284621006740268521387963102245298664493391558e1
-0.677045580574241191794164248011736686636068518264465884245521e1
0.379911060624242008607986233071400866456941354502235949054897e2
0.21e3
-0.318797853170274114447440667323294454803011975734280805286233e1
-0.392295336218237619863425143351904640701946625245324664492037e0
0.257650046916551630172144157149603495138968003215100284991535e2
-0.11617382634579618407201882408365252686282897056471399509892e2
-0.236302266568523860865852445901112178185747179776278116090562e2
0.249944951056086254390254470892989668458225277839451620820604e2
0.22e3
-0.103641722517221302759337868556005456861098094059477788431703e2
-0.154119257420281821285132324938000411979832358559161313144074e2
0.220466132832003213408606009921026482385942563476758477536266e2
0.800995909264792050502816341726075498813000972671426575779746e1
0.122837869227160403479310966092749417660564115224381626727929e2
0.208091024898172731893593960035264575386277899877797979898793e2
0.23e3
0.696127626455683338452880420622527934627796438665297212474868e1
0.108042831869450742507455386249717307815853482916551652368948e2
0.178656659045073808426392764077483612010336883978604619220224e2
0.15632935919012592695050600220032183982440443966848058816613e2
0.461795119838543636693133186535831066700546390199633173712414e1
0.685264068446350136345365671485558501104996931592873186912812e2
0.24e3
-0.624553133194898448527271683781424452829699267680890766766775e1
-0.168205098274222315678609429262175993896465630888885210678489e1
0.300909429917330480526068978092119851842898841728131853727126e2
0.144161580682726771293255993967645504687925933509684404442832e1
0.446247525773336114357956257073713214507081621922182477001761e1
0.328495731500759980232325178524085677180058362997439593363618e2
0.25e3
-0.883987234478182473052644855270862525371439023314440275365942e1
-0.463765245676519582173145009852002085594303122987945076064332e1
0.321434950066165652339648455454995476885650591870279668315359e2
0.640383453766065809198378021097938658144617111269430757845529e0
0.234552202878882262502796819393457361215961156683662532651257e1
0.277612116542160593261375834900013883087579384554638059573511e2
0.26e3
-0.134531686363327092828813069668601933664261404526019570957878e1
-0.225621142746978617762628513278730859023991007788376600564227e1
0.131994176046475577616106859915888467519137049100665919623039e2
-0.87614556189486995824755782371631747109450573430240738385821e1
-0.354799890455338404248054392285069570512076830989256312563505e1
0.447829628794800204945849531000293518845448292784718926301909e2
0.27e3
0.565961733048286176004294655622246613385876422715900540645154e1
0.885947675567118244151491501426566849374391292035804258467703e1
0.163752175736627285500735283037907291537955589999883169053432e2
0.117666458055349614540258842574145380911707986308820083608866e2
-0.115526852816504481957671427969451608461979588258064826305656e2
0.677233810631832347620393339778796695812511693967667820489134e2
0.28e3
0.828563804216874161685379934858114011348249103177905987519923e1
0.118236841498377941586978749595457003108131285333968119322986e2
0.209073489514890262861522760972616306854168855308530784920984e2
0.670291465705533915484751795557687769786551661882116630341661e1
0.115763084751424114020701091212444937933275458945577643436479e2
0.379687364440041908439869331359589947704111708951346010755714e2
0.29e3
-0.158827159489281798049562153096321868982273190504627978091684e2
-0.121157120831093893507660035747225471208374726082761286218937e2
0.405130728758478617590646089430658688737960635023682403630318e2
-0.655424890101337337547228999370595392260328187823544667954609e1
-0.901704427955897939550161996606766164856763134079596715968722e1
0.230207357332535384293406601397412054367340940880002017428055e2
0.3e3
-0.129385153408709613239813798647069770469161374374471630033124e2
-0.539129184073909786808969518796736239357792417718585990463119e1
0.394975222340746870472362516054902805807392933069039188558128e2
0.296584000912918894259742806657351480891640690537059227424099e1
-0.288111788418611274367436843917317760157763480208617860623026e1
0.36324973421454702168094423333595402258533851108185528592379e2
0.31e3
-0.103420584555895074986106522536619922780490250733191009398728e2
-0.486830397525959326345754236728114937604586582443074974989698e1
0.348902145141872248775496344275017513407354126842455380302357e2
-0.187438286326197369926853212411609544461481047502937670397815e2
-0.167657159769347046212778372766218613385299547227096014380299e2
0.53847415665372889650988213534492996836745541384619116621284e2
0.32e3
0.198985921750160576705384342701657853990362245808249603400761e0
0.106563759374879152307237836844031444504911410353555800306892e1
0.192450392891673981573670712135030753186045282787087923848572e2
0.102885129816663809979908764211194124439977145475223111148584e2
0.749679181341798263440079445781906613659312750763568203872966e1
0.470827491601157028165835783005489016575195021199721365253795e2
0.33e3
0.230971408321345094377549423525096665001109310320032287763381e1
0.375386923995466415763572971126741816901580630670276681925401e1
0.182230030082418188765059030246668511627709773198501044191381e2
-0.205766600319639685752586361294128454792560075691226945123561e2
-0.300481964782942552306614667375496610329183953639846282706228e2
0.547705116938010505110735693856354661044176319353386253497846e2
0.34e3
0.540313052185611315174375840488494037859572136226268505043641e-1
0.573889896714493247110871904100501738622577797488518668469524e-1
0.110670246500918804544262513396431183589204683920959707118427e2
0.128343686967334165604735015013582214050792636436337058863135e2
0.159783885352028400559418535355222382601391180707062679343514e2
0.436353964263018446619393222799019203401933303813184259168348e2
0.35e3
-0.374647038292365031813310769083693054640563861995675167862634e1
-0.665191170912597896037556186055858523468373379610871314196109e1
0.121822477973199715193286973214919584171971065447257272797694e2
-0.277442880489528171149808435769443787774551281765091698689765e1
-0.568606839270388201130492709296233559892692182479735751593495e1
0.29739838986951345557045895480753126687271292365935757435506e2
0.36e3
0.201707808433657735903779191825848422948124962210913058596097e1
0.344879788544978237020518140502848107240284829397086555649572e1
0.122444615422921300731070556988570651633918915632543971358828e2
0.160357879417219074417976902149131693776019270767790570839345e2
-0.23291859057480344426126189048206227650584673111152905425712e1
0.669702982117360712666040384631060909605672863638315023426649e2
0.37e3
-0.845558589394241169184062348694139770301234913420108101872911e0
-0.156920154997122545360684795237823762336747484858693764122598e1
0.116041223256077517753649414153906154935477421818481656224352e2
0.501236280545380594350412372599412453012765030567913706300794e1
0.887899412107146717351791164789748383940221767735232472859162e1
0.288291582704123665777190051029370900478496365082774710686191e2
0.38e3
-0.459671941848120157950427367289988588730520459400679754873768e1
-0.556370141205975139185078857367438363903017759173806708477795e1
0.206334263456817004444900541085512760079829380356559830218793e2
-0.875113893201143026252323484428744532896836090893696901803395e1
-0.802453077697381015018385504387556264684468993584523888459403e1
0.377857054345098799926997226088790141963351272851727092108581e2
0.39e3
-0.666636903610156328365792961195978780148780542084412885632797e1
-0.286855409068468184739309329201349491770518279116262393255664e1
0.296720050033831968371127074655964121468575612282861357692017e2
0.169150138405051128228226371866140684866581895575385780978036e2
0.219271178142912799551283861414023950087508769818658971798179e2
0.462212847297001405756771132779646124300553370295668178330357e2
0.4e3
0.19169492033722240414440457118549472198162090964895836919947e0
0.294822227157236985567028530513747928619544694688111752213113e0
0.114446564462483542082747060702349763932056873326892067850612e2
-0.164582404992112094867475985871527074927764655274846988550413e2
-0.150305429314205675948533106030657597785169198692900529517242e2
0.543744935615535960453552659998317491229345123155643060875077e2
